"1993-01-04",51.75,50.125,50.00,51.875
"1993-01-05",50.00,48.875,48.50,50.00
"1993-01-06",48.875,48.00,47.125,49.125
"1993-01-07",48.00,47.00,46.625,48.625
"1993-01-08",46.75,46.50,45.875,46.875
"1993-01-11",46.75,47.75,46.75,48.375
"1993-01-12",48.00,48.75,47.75,49.875
"1993-01-13",49.00,47.75,47.50,49.00
"1993-01-14",48.375,48.75,47.75,49.50
"1993-01-15",48.25,48.25,47.75,49.00
"1993-01-18",48.875,49.50,48.625,50.125
"1993-01-19",50.25,48.375,47.25,50.875
"1993-01-20",48.25,46.875,46.625,48.25
"1993-01-21",47.00,46.375,45.875,47.00
"1993-01-22",46.50,48.625,46.50,48.75
"1993-01-25",48.75,48.875,47.50,49.25
"1993-01-26",52.875,49.00,48.75,53.25
"1993-01-27",49.125,49.625,48.25,50.00
"1993-01-28",50.00,50.25,49.75,50.875
"1993-01-29",51.00,51.50,50.875,51.625
"1993-02-01",52.00,52.625,52.00,52.625
"1993-02-02",52.25,52.125,52.00,53.00
"1993-02-03",52.50,51.125,50.875,52.75
"1993-02-04",51.00,51.375,50.75,51.875
"1993-02-05",51.75,52.00,51.625,52.625
"1993-02-08",52.25,52.875,52.125,53.125
"1993-02-09",53.00,53.375,52.875,54.50
"1993-02-10",53.625,52.25,51.625,53.875
"1993-02-11",51.875,51.125,50.50,51.875
"1993-02-12",51.125,50.75,50.50,51.625
"1993-02-16",50.50,50.00,48.75,50.875
"1993-02-17",50.25,50.50,49.75,50.75
"1993-02-18",51.00,50.50,49.75,51.25
"1993-02-19",50.625,50.50,50.00,50.75
"1993-02-22",50.50,51.25,50.50,51.375
"1993-02-23",51.50,51.125,50.75,51.75
"1993-02-24",51.125,51.875,51.00,52.00
"1993-02-25",51.75,53.75,51.625,53.875
"1993-02-26",54.00,54.375,53.375,54.875
"1993-03-01",54.75,54.75,54.50,55.375
"1993-03-02",54.625,54.25,53.75,54.625
"1993-03-03",54.375,55.25,53.625,55.50
"1993-03-04",55.25,54.875,54.50,55.25
"1993-03-05",55.375,55.25,54.75,55.875
"1993-03-08",55.50,56.125,55.25,56.25
"1993-03-09",56.125,56.625,56.00,56.75
"1993-03-10",56.875,55.875,55.00,57.125
"1993-03-11",55.875,54.875,54.75,55.875
"1993-03-12",54.00,55.625,53.625,55.75
"1993-03-15",56.125,55.00,55.00,56.25
"1993-03-16",55.125,55.125,54.875,55.375
"1993-03-17",55.00,54.50,54.125,55.625
"1993-03-18",54.625,54.625,54.25,54.75
"1993-03-19",54.50,53.75,53.625,54.50
"1993-03-22",53.50,53.625,52.75,53.75
"1993-03-23",53.375,54.25,52.875,54.25
"1993-03-24",53.375,51.125,50.875,53.75
"1993-03-25",50.75,50.50,50.125,50.875
"1993-03-26",50.625,51.375,50.625,51.625
"1993-03-29",52.00,51.75,51.625,52.75
"1993-03-30",52.00,50.00,49.875,52.00
"1993-03-31",50.25,50.875,50.125,51.50
"1993-04-01",51.50,51.875,51.375,52.125
"1993-04-02",52.00,52.625,51.75,53.125
"1993-04-05",52.625,52.625,51.625,53.00
"1993-04-06",52.625,52.00,51.75,52.625
"1993-04-07",51.25,52.25,50.875,52.25
"1993-04-08",52.25,50.25,50.25,52.375
"1993-04-12",50.75,51.00,50.625,51.875
"1993-04-13",51.00,49.375,49.25,51.125
"1993-04-14",49.125,49.00,48.50,49.625
"1993-04-15",49.00,48.75,48.50,49.25
"1993-04-16",49.00,49.00,48.50,49.125
"1993-04-19",50.25,49.25,48.875,50.625
"1993-04-20",49.875,50.625,48.75,50.625
"1993-04-21",50.00,49.125,49.125,50.25
"1993-04-22",48.875,48.50,48.125,49.00
"1993-04-23",48.125,47.75,47.375,48.375
"1993-04-26",48.125,48.375,47.875,49.25
"1993-04-27",48.375,48.375,47.875,48.75
"1993-04-28",48.75,49.875,48.625,50.75
"1993-04-29",49.875,48.875,48.375,50.125
"1993-04-30",48.875,48.625,48.625,49.375
"1993-05-03",49.125,49.25,48.50,49.375
"1993-05-04",49.625,49.25,49.25,49.875
"1993-05-05",49.00,49.375,48.875,49.50
"1993-05-06",48.50,48.25,48.00,48.625
"1993-05-07",48.125,48.625,47.75,48.625
"1993-05-10",48.875,48.875,48.375,49.125
"1993-05-11",48.875,48.875,48.375,48.875
"1993-05-12",48.25,48.00,47.875,48.625
"1993-05-13",47.50,47.50,47.125,47.75
"1993-05-14",47.50,47.875,47.375,48.125
"1993-05-17",47.875,47.625,47.50,48.25
"1993-05-18",47.75,49.00,47.75,49.00
"1993-05-19",49.125,49.625,48.375,50.125
"1993-05-20",49.375,49.25,48.75,49.50
"1993-05-21",48.75,48.375,48.25,49.25
"1993-05-24",48.625,49.75,48.50,49.875
"1993-05-25",49.875,50.375,49.875,50.875
"1993-05-26",50.50,52.75,50.50,52.75
"1993-05-27",53.25,53.25,52.875,54.00
"1993-05-28",53.125,52.75,52.00,53.125
"1993-06-01",53.25,52.00,51.875,53.375
"1993-06-02",51.75,53.875,51.75,54.00
"1993-06-03",54.00,53.875,53.50,54.375
"1993-06-04",54.00,54.00,53.625,54.375
"1993-06-07",54.00,52.25,52.25,54.00
"1993-06-08",52.25,52.25,51.625,52.50
"1993-06-09",53.00,52.875,52.625,53.375
"1993-06-10",52.75,52.50,51.50,52.75
"1993-06-11",52.875,52.50,52.375,53.00
"1993-06-14",52.25,52.00,51.875,52.50
"1993-06-15",51.875,49.875,49.75,51.875
"1993-06-16",49.50,50.375,48.875,50.375
"1993-06-17",50.125,49.625,49.375,50.25
"1993-06-18",49.625,49.375,48.875,49.625
"1993-06-21",50.125,49.25,49.00,50.125
"1993-06-22",49.125,49.25,49.125,49.625
"1993-06-23",49.25,48.625,48.50,49.375
"1993-06-24",48.625,48.75,48.625,49.125
"1993-06-25",49.00,49.75,49.00,49.75
"1993-06-28",49.875,50.375,49.75,50.75
"1993-06-29",50.375,49.375,48.75,50.50
"1993-06-30",49.50,49.375,49.125,49.875
"1993-07-01",49.625,49.25,49.125,49.75
"1993-07-02",48.50,48.25,47.75,48.625
"1993-07-06",48.00,46.875,46.875,48.125
"1993-07-07",46.875,46.625,46.375,47.00
"1993-07-08",46.875,46.625,46.375,47.625
"1993-07-09",46.75,46.625,46.375,47.00
"1993-07-12",46.875,48.125,46.75,48.25
"1993-07-13",48.125,47.625,47.25,48.50
"1993-07-14",47.50,47.375,47.125,47.875
"1993-07-15",47.375,47.50,47.125,47.875
"1993-07-16",47.50,45.625,45.50,47.50
"1993-07-19",45.625,43.625,43.375,46.00
"1993-07-20",43.625,42.875,41.625,43.75
"1993-07-21",43.125,43.625,43.00,43.875
"1993-07-22",43.75,43.375,43.00,44.75
"1993-07-23",43.625,42.25,42.00,43.625
"1993-07-26",41.875,42.375,41.125,43.00
"1993-07-27",44.875,45.625,44.50,45.875
"1993-07-28",46.00,44.00,43.875,46.375
"1993-07-29",44.00,43.875,43.375,44.50
"1993-07-30",43.625,44.50,43.625,44.50
"1993-08-02",44.375,43.875,43.875,44.75
"1993-08-03",44.00,43.375,43.125,44.125
"1993-08-04",43.375,44.375,43.25,44.375
"1993-08-05",44.125,43.75,43.50,44.75
"1993-08-06",43.625,43.375,43.125,43.75
"1993-08-09",43.375,43.125,42.875,43.75
"1993-08-10",43.125,43.25,42.875,43.375
"1993-08-11",43.50,42.25,42.00,43.50
"1993-08-12",42.50,41.75,41.25,42.50
"1993-08-13",42.00,41.625,41.50,42.00
"1993-08-16",41.625,41.00,40.625,41.75
"1993-08-17",41.00,43.00,41.00,43.00
"1993-08-18",43.375,42.75,42.375,43.50
"1993-08-19",43.125,43.00,42.75,43.25
"1993-08-20",43.00,43.125,42.625,43.25
"1993-08-23",43.125,44.375,43.00,44.75
"1993-08-24",44.50,43.875,43.625,44.625
"1993-08-25",44.00,44.00,43.50,44.125
"1993-08-26",44.125,44.00,43.625,44.75
"1993-08-27",43.875,44.125,43.625,44.125
"1993-08-30",44.125,44.625,44.125,44.75
"1993-08-31",44.75,45.75,44.75,45.875
"1993-09-01",45.75,45.875,45.625,46.375
"1993-09-02",46.00,46.00,45.75,46.375
"1993-09-03",46.25,45.75,45.625,46.375
"1993-09-07",46.125,45.50,45.25,46.25
"1993-09-08",45.25,44.375,43.75,45.375
"1993-09-09",44.25,44.375,44.125,44.625
"1993-09-10",44.625,43.75,43.50,44.625
"1993-09-13",43.875,43.875,43.50,44.375
"1993-09-14",43.875,43.50,43.375,43.875
"1993-09-15",43.50,43.625,43.25,43.875
"1993-09-16",43.50,43.50,43.375,44.00
"1993-09-17",43.25,43.375,42.75,43.375
"1993-09-20",43.25,42.25,42.25,43.375
"1993-09-21",42.50,42.125,41.875,42.625
"1993-09-22",42.25,41.875,41.625,42.50
"1993-09-23",42.00,41.875,41.75,42.375
"1993-09-24",41.875,41.75,41.50,42.00
"1993-09-27",41.75,41.75,41.50,41.875
"1993-09-28",41.75,41.75,41.625,42.625
"1993-09-29",41.75,41.625,41.25,42.125
"1993-09-30",41.625,42.00,41.375,42.125
"1993-10-01",42.125,43.875,42.125,43.875
"1993-10-04",44.25,44.25,43.75,44.75
"1993-10-05",44.375,43.75,43.25,44.50
"1993-10-06",43.50,44.00,43.25,44.375
"1993-10-07",44.00,44.00,43.625,44.125
"1993-10-08",44.375,44.25,43.375,44.375
"1993-10-11",44.25,44.125,43.875,44.375
"1993-10-12",44.125,43.75,43.75,44.375
"1993-10-13",43.50,43.125,43.125,43.875
"1993-10-14",43.125,42.625,42.50,43.25
"1993-10-15",43.00,44.50,42.875,44.875
"1993-10-18",44.50,44.00,43.875,45.125
"1993-10-19",44.00,43.375,42.875,44.625
"1993-10-20",43.375,43.625,42.875,43.625
"1993-10-21",43.625,45.00,43.50,45.25
"1993-10-22",45.375,44.50,44.375,45.75
"1993-10-25",43.875,44.875,43.75,45.00
"1993-10-26",45.75,46.25,44.375,46.25
"1993-10-27",46.375,46.00,45.75,46.625
"1993-10-28",45.75,45.75,45.625,46.375
"1993-10-29",46.00,46.00,45.875,46.625
"1993-11-01",46.00,47.75,45.75,48.00
"1993-11-02",49.00,50.875,48.50,51.125
"1993-11-03",51.00,50.75,50.125,51.125
"1993-11-04",50.25,49.75,49.375,50.50
"1993-11-05",49.75,49.875,49.375,50.125
"1993-11-08",50.25,50.25,50.00,50.75
"1993-11-09",50.50,49.125,49.00,50.625
"1993-11-10",49.50,49.875,49.00,50.125
"1993-11-11",50.25,52.00,50.125,52.375
"1993-11-12",52.25,51.625,51.50,52.50
"1993-11-15",51.625,51.00,50.875,51.625
"1993-11-16",51.125,52.75,50.75,53.00
"1993-11-17",53.50,51.875,51.875,54.25
"1993-11-18",52.25,52.75,52.125,53.125
"1993-11-19",52.25,51.875,51.50,52.625
"1993-11-22",51.875,52.00,51.625,52.50
"1993-11-23",52.375,53.125,51.875,53.25
"1993-11-24",54.00,55.125,53.75,55.25
"1993-11-26",55.50,55.75,55.125,56.00
"1993-11-29",56.00,54.375,54.375,56.125
"1993-11-30",54.50,53.875,53.75,55.125
"1993-12-01",54.75,53.125,53.125,54.75
"1993-12-02",53.25,53.75,53.25,54.125
"1993-12-03",54.00,53.50,53.125,54.00
"1993-12-06",53.00,53.75,52.75,54.375
"1993-12-07",54.125,53.75,53.25,54.25
"1993-12-08",53.875,53.875,53.375,54.125
"1993-12-09",53.875,53.625,53.25,54.125
"1993-12-10",54.00,55.25,53.875,55.50
"1993-12-13",55.875,57.375,55.375,57.75
"1993-12-14",57.25,56.125,56.00,57.375
"1993-12-15",56.125,56.875,55.625,57.625
"1993-12-16",57.25,57.50,57.125,57.625
"1993-12-17",57.75,59.75,57.75,59.875
"1993-12-20",59.25,58.375,58.25,59.375
"1993-12-21",58.25,58.625,58.125,59.125
"1993-12-22",58.75,59.25,58.50,59.25
"1993-12-23",59.25,58.625,58.50,59.375
"1993-12-27",58.625,59.125,58.00,59.25
"1993-12-28",58.875,58.375,58.25,59.375
"1993-12-29",58.50,58.125,58.125,58.75
"1993-12-30",58.00,57.00,56.875,58.375
"1993-12-31",56.625,56.50,56.375,57.375
