"1992-01-02",89.00,90.25,88.875,90.625
"1992-01-03",90.25,90.375,90.00,91.125
"1992-01-06",91.00,92.25,90.875,93.125
"1992-01-07",92.00,94.625,91.875,94.75
"1992-01-08",94.00,92.375,92.25,95.00
"1992-01-09",92.625,91.25,91.25,94.25
"1992-01-10",91.375,90.875,90.625,92.50
"1992-01-13",90.75,90.25,89.75,90.875
"1992-01-14",90.375,92.375,90.25,92.50
"1992-01-15",94.00,95.375,93.50,95.75
"1992-01-16",95.125,95.50,95.00,97.125
"1992-01-17",95.00,96.375,92.625,98.125
"1992-01-20",96.25,95.25,95.25,96.375
"1992-01-21",95.25,92.875,92.875,95.50
"1992-01-22",92.875,95.625,92.875,95.625
"1992-01-23",95.50,93.50,93.25,95.875
"1992-01-24",93.625,93.125,93.125,94.25
"1992-01-27",93.50,93.75,93.375,94.00
"1992-01-28",93.875,93.25,92.875,94.00
"1992-01-29",92.75,91.875,91.625,94.125
"1992-01-30",92.125,91.75,91.375,92.50
"1992-01-31",91.875,90.00,90.00,92.00
"1992-02-03",90.00,91.375,89.25,91.375
"1992-02-04",91.125,92.25,90.00,92.25
"1992-02-05",91.75,91.25,91.00,92.125
"1992-02-06",90.375,89.875,89.625,90.875
"1992-02-07",90.00,89.25,88.625,90.375
"1992-02-10",89.625,89.75,89.125,89.875
"1992-02-11",89.75,90.25,89.75,90.875
"1992-02-12",90.50,92.125,89.875,92.375
"1992-02-13",92.75,90.75,90.125,93.25
"1992-02-14",90.50,89.75,89.50,91.125
"1992-02-18",90.00,89.625,89.125,91.125
"1992-02-19",90.00,89.625,89.375,90.75
"1992-02-20",89.75,89.75,89.125,90.625
"1992-02-21",89.75,89.875,89.25,90.375
"1992-02-24",89.875,89.375,88.75,90.25
"1992-02-25",89.25,88.25,88.125,89.25
"1992-02-26",88.375,88.25,87.625,88.625
"1992-02-27",88.00,87.75,87.50,88.375
"1992-02-28",88.375,86.875,86.625,88.625
"1992-03-02",86.875,87.50,86.25,87.75
"1992-03-03",87.625,88.25,87.125,88.625
"1992-03-04",88.25,87.375,87.375,89.625
"1992-03-05",86.75,86.625,86.50,88.125
"1992-03-06",86.75,86.375,86.00,87.25
"1992-03-09",86.375,87.375,85.125,87.375
"1992-03-10",87.75,87.875,87.50,88.375
"1992-03-11",87.875,87.75,87.125,88.375
"1992-03-12",87.625,89.125,87.625,89.125
"1992-03-13",90.25,89.625,89.125,90.25
"1992-03-16",89.25,88.75,88.25,89.625
"1992-03-17",88.75,87.625,87.375,88.875
"1992-03-18",87.375,87.50,87.25,88.50
"1992-03-19",85.875,85.875,85.625,87.125
"1992-03-20",85.875,86.125,85.75,86.625
"1992-03-23",86.00,85.625,85.625,86.75
"1992-03-24",85.75,85.25,85.00,86.00
"1992-03-25",85.125,85.125,84.75,86.00
"1992-03-26",85.375,84.125,84.125,85.375
"1992-03-27",84.00,83.25,83.125,84.375
"1992-03-30",83.375,83.375,83.125,83.875
"1992-03-31",83.375,83.50,83.375,84.875
"1992-04-01",83.50,82.875,82.75,83.50
"1992-04-02",83.25,82.25,81.875,83.50
"1992-04-03",82.125,81.75,81.75,82.375
"1992-04-06",82.00,83.125,81.625,83.125
"1992-04-07",83.375,82.375,82.25,84.875
"1992-04-08",82.625,84.875,82.625,85.00
"1992-04-09",85.375,85.125,84.625,85.875
"1992-04-10",85.625,86.00,84.50,86.125
"1992-04-13",86.125,87.50,85.875,87.50
"1992-04-14",89.50,88.25,88.00,89.75
"1992-04-15",88.75,88.50,87.625,88.875
"1992-04-16",88.50,88.625,87.50,88.625
"1992-04-20",88.50,89.50,88.25,89.75
"1992-04-21",89.625,90.00,89.50,90.25
"1992-04-22",89.875,90.125,89.625,90.125
"1992-04-23",90.00,89.25,89.00,90.625
"1992-04-24",89.125,88.125,88.125,89.25
"1992-04-27",87.875,88.125,87.75,88.75
"1992-04-28",88.125,88.50,87.375,88.50
"1992-04-29",88.875,88.125,87.75,88.875
"1992-04-30",88.50,90.75,88.25,90.75
"1992-05-01",91.25,90.625,90.375,92.125
"1992-05-04",92.50,92.50,92.125,93.00
"1992-05-05",92.50,93.875,92.375,94.00
"1992-05-06",94.00,93.375,93.125,94.125
"1992-05-07",92.75,93.75,92.75,94.125
"1992-05-08",94.125,93.125,93.125,94.25
"1992-05-11",93.50,93.875,93.375,94.375
"1992-05-12",93.75,93.50,93.00,93.875
"1992-05-13",93.50,92.375,92.375,93.625
"1992-05-14",92.125,91.75,91.00,92.25
"1992-05-15",91.375,91.625,91.125,92.125
"1992-05-18",91.625,90.75,90.50,91.875
"1992-05-19",90.875,92.50,90.625,92.50
"1992-05-20",92.375,91.625,91.50,92.75
"1992-05-21",91.375,91.50,90.625,91.625
"1992-05-22",91.50,91.75,91.25,92.25
"1992-05-26",91.25,90.50,90.375,91.50
"1992-05-27",90.375,90.875,90.125,91.00
"1992-05-28",90.875,91.125,90.375,91.50
"1992-05-29",91.375,90.75,90.75,92.00
"1992-06-01",90.50,90.625,90.125,91.25
"1992-06-02",90.625,90.625,90.375,91.00
"1992-06-03",90.625,89.75,89.75,90.75
"1992-06-04",89.625,89.00,88.875,89.75
"1992-06-05",88.625,90.375,88.25,90.75
"1992-06-08",90.375,91.00,90.375,91.25
"1992-06-09",91.00,90.625,90.375,91.00
"1992-06-10",90.50,90.125,90.125,91.125
"1992-06-11",90.50,92.00,90.375,92.125
"1992-06-12",92.50,93.00,92.25,93.875
"1992-06-15",92.50,94.125,92.50,94.125
"1992-06-16",94.00,93.125,92.875,94.00
"1992-06-17",92.875,92.625,92.125,93.875
"1992-06-18",93.375,94.50,93.125,95.875
"1992-06-19",95.00,95.00,94.75,95.50
"1992-06-22",94.75,95.25,94.625,95.375
"1992-06-23",95.50,95.875,95.25,96.375
"1992-06-24",96.375,97.625,96.25,97.875
"1992-06-25",97.625,97.125,96.625,98.25
"1992-06-26",96.75,97.25,96.50,97.375
"1992-06-29",97.875,98.625,97.75,98.625
"1992-06-30",98.625,97.875,97.75,98.625
"1992-07-01",97.875,98.25,97.75,98.50
"1992-07-02",98.25,96.875,96.875,98.25
"1992-07-06",97.125,98.125,97.00,98.25
"1992-07-07",98.125,96.75,96.625,98.75
"1992-07-08",96.75,97.875,96.75,97.875
"1992-07-09",97.75,97.50,97.50,98.375
"1992-07-10",97.75,97.625,96.50,97.875
"1992-07-13",98.00,97.875,97.625,98.875
"1992-07-14",97.875,97.875,97.50,98.375
"1992-07-15",98.00,99.25,98.00,99.375
"1992-07-16",99.00,100.25,99.00,100.375
"1992-07-17",97.00,95.00,94.625,97.375
"1992-07-20",93.25,92.875,92.75,93.375
"1992-07-21",93.125,93.75,92.875,94.25
"1992-07-22",93.50,92.50,92.50,94.00
"1992-07-23",92.75,92.75,92.625,93.25
"1992-07-24",92.625,92.75,92.375,93.625
"1992-07-27",92.75,92.375,92.375,93.25
"1992-07-28",92.625,93.75,92.375,94.00
"1992-07-29",94.625,94.375,94.25,94.875
"1992-07-30",94.375,95.375,94.375,95.50
"1992-07-31",94.875,94.75,94.50,95.125
"1992-08-03",94.50,94.875,94.375,95.25
"1992-08-04",94.75,94.25,94.25,94.875
"1992-08-05",92.625,91.625,91.375,93.00
"1992-08-06",90.00,88.25,88.125,90.125
"1992-08-07",88.375,87.125,86.625,88.625
"1992-08-10",87.25,88.50,87.25,88.75
"1992-08-11",88.375,88.00,87.75,88.625
"1992-08-12",88.125,88.375,88.00,89.00
"1992-08-13",88.625,88.125,87.875,89.125
"1992-08-14",88.375,88.375,88.25,88.75
"1992-08-17",88.875,88.625,88.50,89.125
"1992-08-18",88.625,88.00,87.875,88.625
"1992-08-19",88.25,86.625,86.50,88.50
"1992-08-20",86.625,85.875,85.50,86.875
"1992-08-21",86.375,86.00,85.75,86.50
"1992-08-24",85.625,85.125,85.00,86.25
"1992-08-25",85.375,87.125,85.25,87.125
"1992-08-26",87.00,86.375,86.25,87.125
"1992-08-27",86.75,87.375,86.375,87.375
"1992-08-28",87.375,87.25,86.625,87.375
"1992-08-31",87.50,86.625,86.50,87.50
"1992-09-01",86.625,87.625,86.50,87.625
"1992-09-02",87.50,87.50,86.75,87.625
"1992-09-03",87.75,86.625,86.625,87.75
"1992-09-04",86.25,86.00,85.875,86.625
"1992-09-08",85.875,86.125,85.875,86.375
"1992-09-09",86.25,86.875,86.25,86.875
"1992-09-10",87.00,87.50,86.625,87.50
"1992-09-11",87.25,88.00,87.125,88.25
"1992-09-14",88.625,88.375,88.125,88.75
"1992-09-15",87.00,85.50,85.375,87.00
"1992-09-16",84.00,83.125,82.50,84.50
"1992-09-17",83.25,83.75,82.75,83.75
"1992-09-18",83.375,83.50,83.25,84.00
"1992-09-21",83.875,84.375,83.875,84.50
"1992-09-22",84.375,83.25,83.125,84.625
"1992-09-23",83.375,83.625,83.25,83.75
"1992-09-24",83.75,82.50,82.25,83.75
"1992-09-25",82.50,82.25,82.00,83.125
"1992-09-28",82.00,82.75,82.00,82.875
"1992-09-29",82.25,81.00,81.00,82.75
"1992-09-30",80.375,80.75,80.00,81.375
"1992-10-01",81.00,80.125,80.00,81.125
"1992-10-02",80.25,78.50,78.25,80.50
"1992-10-05",78.125,78.875,75.50,78.875
"1992-10-06",79.125,79.75,78.625,80.375
"1992-10-07",79.875,78.375,78.00,80.00
"1992-10-08",78.875,79.375,78.50,79.50
"1992-10-09",79.375,78.50,78.25,79.875
"1992-10-12",78.625,78.50,78.375,79.00
"1992-10-13",78.75,78.75,78.375,80.00
"1992-10-14",78.375,78.00,76.75,78.875
"1992-10-15",73.25,72.875,72.00,74.125
"1992-10-16",72.875,70.75,68.875,72.875
"1992-10-19",70.125,68.50,68.50,70.25
"1992-10-20",69.25,68.375,67.75,69.625
"1992-10-21",68.625,68.50,68.25,69.125
"1992-10-22",68.75,68.50,68.00,69.00
"1992-10-23",68.50,69.125,68.375,69.375
"1992-10-26",68.50,67.50,67.50,68.75
"1992-10-27",67.125,65.75,65.00,67.25
"1992-10-28",65.75,67.125,65.625,67.125
"1992-10-29",67.375,66.00,65.625,67.625
"1992-10-30",66.00,66.875,66.00,67.375
"1992-11-02",67.00,68.875,67.00,69.00
"1992-11-03",68.50,69.125,68.50,69.875
"1992-11-04",69.00,68.25,68.125,69.625
"1992-11-05",67.125,65.875,65.625,67.25
"1992-11-06",65.375,66.25,65.00,66.50
"1992-11-09",66.25,67.50,66.25,67.625
"1992-11-10",67.625,65.875,65.875,68.00
"1992-11-11",65.625,65.00,64.50,65.75
"1992-11-12",65.125,64.125,64.125,65.375
"1992-11-13",64.875,64.875,64.00,65.125
"1992-11-16",64.75,64.875,64.625,65.50
"1992-11-17",64.875,64.25,64.00,65.00
"1992-11-18",64.125,63.125,62.75,64.375
"1992-11-19",63.00,61.25,61.00,63.875
"1992-11-20",61.375,62.25,60.875,62.625
"1992-11-23",62.375,63.25,62.25,63.875
"1992-11-24",63.75,64.875,63.50,65.50
"1992-11-25",65.375,65.375,65.125,66.00
"1992-11-27",65.875,66.00,65.25,66.25
"1992-11-30",67.875,68.25,67.50,68.625
"1992-12-01",68.375,67.75,67.50,68.875
"1992-12-02",67.75,67.875,67.625,68.25
"1992-12-03",67.875,67.25,66.75,68.00
"1992-12-04",67.375,67.00,66.625,67.625
"1992-12-07",67.25,65.875,65.75,67.375
"1992-12-08",65.50,65.375,64.375,65.75
"1992-12-09",64.00,62.625,61.50,64.25
"1992-12-10",61.625,61.75,61.375,62.375
"1992-12-11",61.75,62.375,61.625,62.875
"1992-12-14",62.375,62.875,62.375,63.375
"1992-12-15",59.875,56.125,56.00,59.875
"1992-12-16",53.625,51.875,50.75,55.00
"1992-12-17",52.125,53.00,51.25,53.375
"1992-12-18",53.125,51.375,50.25,53.25
"1992-12-21",51.25,48.875,48.75,51.625
"1992-12-22",50.00,51.75,49.00,52.00
"1992-12-23",51.625,51.25,51.00,52.625
"1992-12-24",51.375,52.75,51.25,53.00
"1992-12-28",52.875,51.75,51.125,53.00
"1992-12-29",50.125,49.75,49.25,51.125
"1992-12-30",50.375,50.125,49.75,50.875
"1992-12-31",50.125,50.375,50.00,51.25
